0.05128751178067503 0.017612606416532964
0.007627906891264438 0.004072406541274224
0.050089522836347204 0.08003486907168589
0.009150516763750373 0.03612168416465545
0.02923810729718532 0.05486159308765344
0.021422829419199534 0.01573086271427252
0.03395289345988703 0.04408316986458021
0.042106422130822385 0.030746711114238958
0.014438191832530393 0.009121220131131418
0.07347061218785153 0.028112843504322235
0.12071306036666077 0.07460332613284042
0.09087223490923968 0.03454951520063181
0.055092957935391824 0.0685716087417649
0.01842819930265494 0.20036770571566848
0.09550924203004518 0.08358317626322115
0.051895373017165666 0.08774713844790438
0.02260102202049278 0.02452061153217043
0.09671491458974737 0.10167070271605656
0.005279858749331937 0.009428223057261436
0.05612641190619453 0.17031767416270005
0.24430496301290638 0.0674073180211117
0.005791943212492318 0.03776025087919254
0.0679588930294083 0.08856087674573866
0.0929307646731245 0.18289181861112083
0.15776591698512668 0.141624688634873
0.0881682349060225 0.016023922726648356
0.026291859265986903 0.002656030312217134
0.09412298766343767 0.07683138031080389
0.13386117254426785 0.10839315842596135
0.08165221201339624 0.10489533969251108
0.40708500910556683 0.08226726844945485
0.07472538223648942 0.10885258993697178
0.08555951648123908 0.052314112343274065
0.15406866072764835 0.19259707355781566
0.140135522258175 0.14233715452106455
0.07083494318472211 0.06829388711467076
0.12973777589390104 0.020371312672504683
0.05172038218274362 0.03835016797280013
0.038345905033551765 0.042890454284797326
0.04748475141830993 0.03993443058149556
0.05339826136362994 0.034512146774207886
0.028805766780633638 0.031843851942721796
0.10300523511421357 0.14200568528219396
0.1017019577846165 0.1133749604315113
0.07758905155949433 0.08344437397018661
0.050076115435834456 0.040714204685014556
0.0686645196916665 0.07773807499691833
0.007403478111612974 0.08274617462900337
0.06192253842259911 0.12205731298273777
0.17554249113623102 0.21149562638081706
0.015712931841009352 0.04024731212753802
0.16835412559679933 0.07844118669529451
0.051266542519415245 0.07463622031046534
0.0273453569900142 0.033137435725425296
0.03673689091433587 0.13956685345225342
0.011780523604777592 0.05532128275959848
0.0444314249530259 0.06991240843961641
0.031534672607260006 0.03580462661066608
0.2870978571096003 0.04856802089349106
0.11014848051594901 0.11812173177098897
0.0480159711492159 0.06452166300042055
0.12486537223974643 0.10302581480411847
0.31062567805392793 0.2045357995200649
0.02258028457538146 0.0063036066238445106
0.04007992710640075 0.04412911928210434
0.07712837625477265 0.08578645687003614
0.08666581878488773 0.05893319483922075
0.12760141203664746 0.14832547958965625
0.12937569145042 0.0826719969164453
0.14542313251657188 0.23482340705399124
0.11959879042855245 0.08971906660828542
0.05069540003884671 0.11339062314585557
0.07498933878839478 0.019293341860586205
0.22217771050390764 0.03278392701895739
0.054933283905634206 0.032372714775626615
0.059936224653071815 0.035850764985725196
0.10280486495652032 0.11566427017136442
0.05251144613738468 0.039933242870806886
0.02404202657854555 0.036989451000897934
0.07433813347914002 0.0434863332193197
0.02149075112227936 0.007861060507757247
0.12198546273725175 0.01623248110184723
0.1253877189348296 0.07845647937843193
0.02320857701226808 0.01843005539874233
0.06689942597251436 0.07774746369335886
0.044941927890864784 0.03605936320222083
0.13255424408141261 0.013051525946304997
0.06938482700243082 0.08648231922925106
0.08000082516318961 0.06842581132744503
0.027541879432535117 0.0614606835486349
0.05300172543745577 0.0347522807320994
0.027673079200332653 0.09720201429788689
0.3171757341780179 0.10817800858546313
0.11451250645607265 0.05649068669794949
0.028231930624294077 0.02853392648168774
0.0787681514501169 0.32580513654978477
0.054702768166015416 0.019845017671134613
0.07886359454510039 0.004267184211499295
0.10008395891177278 0.08843419547140549
0.022979494748107954 0.012832427108193888
0.040644867769496364 0.03065196486001699
0.10867336403432876 0.0938162600364049
0.0597615123072168 0.02549776261418139
0.03551227803863438 0.07427449861379876
0.05092712019350526 0.022025791768066186
0.010558846794862974 0.01355033598294707
0.055147071026606855 0.13234932758524132
0.0747560966507473 0.07845027687539603
0.035677993180923274 0.01744544312287754
0.2613714754258319 0.15052578572226136
0.022857293370494115 0.019765060241502742
0.11651333936304971 0.10451116782997882
0.021047067653197922 0.008113989533014053
0.17591717092546524 0.07308734557396135
0.033316215893439936 0.07743086408706441
0.10936879298318827 0.0598651760327937
0.07017954202076244 0.0019308871934780693
0.028335560447007066 0.05149143196378107
0.14578014038845624 0.14722601022047183
0.20820726598562192 0.09999847391792324
0.027306054535812127 0.044828665273781654
0.10843955370684158 0.11239548707844252
0.22017614532088098 0.18497335470484225
0.0565025136602042 0.10549533167285353
0.2943356604441635 0.10697871717752218
0.018331687924431905 0.05640419293096353
0.02550914771075585 0.003775836973644267
0.11214419943838136 0.13830160339003147
0.08156805296774858 0.2326790832599343
0.043908949038080104 0.08274203349838206
0.11605375759285146 0.1737824582179068
0.09209283472387163 0.07196656888849026
0.04365217625038782 0.03839956619023363
0.05588896402667261 0.04690366973358939
0.03024266348528174 0.13972613412766638
0.07925900799518754 0.13361703968289546
0.09190249280728433 0.06356669957716896
0.10869567881425748 0.1238977380808267
0.08818743038700268 0.10690937883408479
0.09555239897709841 0.14274925906094643
0.15015613579554388 0.06274902951217456
0.10501347071125504 0.08990257430503173
0.026675473436734664 0.015442151889002652
0.09396131295201124 0.031219316361420377
0.045115092876752964 0.04734884410498599
0.050566780654200665 0.02883856430535546
0.030681036961095833 0.034021007219029634
0.11662793131857345 0.03899184773722559
0.05948694898033745 0.01272291637364216
0.05141043450335301 0.07176359032597661
0.1826705112563005 0.06031198586478208
0.024395762932937173 0.05344103666309652
0.06504103859474199 0.015153724470813252
0.06690364450751578 0.012022764174748292
0.031174165789338706 0.05288112614186335
0.12562788989993925 0.23206367406057954
0.010252370049900577 0.010668965717186809
0.07709578668958976 0.0653055030381179
0.0879624406080271 0.08966677354585963
0.08730444826156192 0.02729403819745638
0.05874592757198341 0.009461117079352719
0.03201318441245956 0.049377973015604364
0.04034742606746992 0.021732941872348477
0.09116320652332716 0.06370529815879715
0.04551417668651931 0.03141660936807354
0.06258841861101533 0.07059399357939508
0.27528665410170894 0.1934406881739784
0.07334723248551508 0.050621147714808475
0.03210191205511287 0.03341127265505203
0.05397027322522857 0.037549011487619764
0.057110412610893134 0.09690301756247095
0.1756193860447958 0.24044047344896713
0.12321194590090324 0.09749034844595061
0.1651527836110657 0.09620626806758943
0.08723284591301751 0.011416652340234364
0.03533269300290019 0.05751524276107379
0.043785620033194465 0.04249466026877144
0.07065664486088591 0.13877110368981407
0.012360100263083977 0.017927730025411325
0.13347330175810268 0.12563122970237303
0.0856922980108261 0.02649546076752931
0.05766017537120739 0.03829659977047956
0.1204603246945477 0.10849348866489823
0.3062602934839487 0.10677727763554129
0.024344778288834214 0.04446977268722224
0.14982208736085165 0.08429414656835148
0.12782732962608512 0.035931009864867414
0.09324555768694558 0.08875793226332028
0.08358081700854218 0.17313625338450836
0.02477328922244334 0.008856956921069045
0.08075476203410847 0.020543546376690976
0.033367280999523255 0.013569482759401893
0.077921431209718 0.058866053862177185
0.0710812785681362 0.026922812051307612
0.07279538264719708 0.02059232160730095
0.10011291537456056 0.14131895281844553
0.12097380212951545 0.027309849148812376
0.057655032051056286 0.040445941490372235
0.058146480839958464 0.053458995697332305
0.05996885580729181 0.11809653446585486
